0.55 0.05 0.05 0.05 0.05 0.05 0.05 0.05 0.05 0.05 
0.012601626016260163 0.0004065040650406504 0.0004065040650406504 0.012601626016260163 0.0004065040650406504 0.0004065040650406504 0.4800813008130081 0.0004065040650406504 0.4922764227642276 0.0004065040650406504 
0.0016949152542372883 0.2898305084745763 0.0016949152542372883 0.2898305084745763 0.3745762711864407 0.0016949152542372883 0.01864406779661017 0.0016949152542372883 0.0016949152542372883 0.01864406779661017 
0.0009523809523809524 0.05809523809523809 0.0009523809523809524 0.5628571428571428 0.010476190476190477 0.15333333333333335 0.21047619047619048 0.0009523809523809524 0.0009523809523809524 0.0009523809523809524 
0.0018867924528301887 0.0018867924528301887 0.0018867924528301887 0.3226415094339623 0.0018867924528301887 0.6622641509433963 0.0018867924528301887 0.0018867924528301887 0.0018867924528301887 0.0018867924528301887 
0.0003257328990228013 0.0003257328990228013 0.0003257328990228013 0.16319218241042346 0.0003257328990228013 0.1273615635179153 0.0003257328990228013 0.0035830618892508147 0.6550488599348534 0.04918566775244299 
0.6838435374149661 0.025680272108843535 0.09540816326530613 0.042687074829931976 0.07159863945578232 0.015476190476190475 0.00017006802721088437 0.00017006802721088437 0.00017006802721088437 0.06479591836734694 
0.28390804597701147 0.0003831417624521073 0.6134099616858237 0.0003831417624521073 0.01954022988505747 0.0003831417624521073 0.0003831417624521073 0.0003831417624521073 0.0003831417624521073 0.08084291187739465 
0.0008064516129032258 0.0008064516129032258 0.9927419354838709 0.0008064516129032258 0.0008064516129032258 0.0008064516129032258 0.0008064516129032258 0.0008064516129032258 0.0008064516129032258 0.0008064516129032258 
0.002857142857142857 0.002857142857142857 0.5742857142857143 0.002857142857142857 0.23142857142857143 0.002857142857142857 0.17428571428571427 0.002857142857142857 0.002857142857142857 0.002857142857142857 
0.02898330804248862 0.00015174506828528073 0.00015174506828528073 0.0016691957511380882 0.00015174506828528073 0.013808801213960546 0.6071320182094082 0.0031866464339908953 0.16100151745068284 0.18376327769347495 
0.015789473684210527 0.00030959752321981426 0.1303405572755418 0.062229102167182665 0.23250773993808047 0.06532507739938082 0.00030959752321981426 0.22012383900928792 0.003405572755417957 0.2696594427244582 
0.00017152658662092626 0.00017152658662092626 0.00017152658662092626 0.5216123499142368 0.00017152658662092626 0.0516295025728988 0.07735849056603773 0.00017152658662092626 0.2797598627787307 0.06878216123499142 
0.0030303030303030303 0.0030303030303030303 0.0030303030303030303 0.0030303030303030303 0.0030303030303030303 0.8212121212121213 0.15454545454545454 0.0030303030303030303 0.0030303030303030303 0.0030303030303030303 
0.0018181818181818182 0.0018181818181818182 0.0018181818181818182 0.0018181818181818182 0.0018181818181818182 0.0018181818181818182 0.9836363636363636 0.0018181818181818182 0.0018181818181818182 0.0018181818181818182 
0.1945891783567134 0.058316633266533066 0.5613226452905812 0.008216432865731461 0.01823647294589178 0.0002004008016032064 0.07434869739478958 0.0002004008016032064 0.002204408817635271 0.08236472945891783 
0.12916666666666668 0.0003787878787878788 0.6821969696969696 0.01553030303030303 0.06098484848484849 0.01553030303030303 0.0003787878787878788 0.0003787878787878788 0.0003787878787878788 0.09507575757575758 
0.18469387755102043 0.0010204081632653062 0.35816326530612247 0.0010204081632653062 0.011224489795918368 0.0010204081632653062 0.0010204081632653062 0.041836734693877546 0.3989795918367347 0.0010204081632653062 
0.029245283018867925 0.010377358490566039 0.0009433962264150943 0.6801886792452829 0.0009433962264150943 0.0009433962264150943 0.2179245283018868 0.0009433962264150943 0.0009433962264150943 0.05754716981132075 
0.00021645021645021645 0.28809523809523807 0.00670995670995671 0.15173160173160172 0.05216450216450217 0.37467532467532466 0.004545454545454545 0.05865800865800866 0.00021645021645021645 0.062987012987013 
0.013095238095238096 0.0011904761904761906 0.0011904761904761906 0.15595238095238095 0.28690476190476194 0.0011904761904761906 0.07261904761904761 0.025 0.4416666666666667 0.0011904761904761906 
0.0035739313244569026 7.007708479327261e-05 0.0007708479327259986 0.0014716187806587246 0.04912403644008409 7.007708479327261e-05 0.05683251576734408 0.05543097407147862 0.03721093202522775 0.7954449894884372 
0.2509771986970684 0.14348534201954397 0.00016286644951140066 0.0017915309446254074 0.00016286644951140066 0.43013029315960916 0.00016286644951140066 0.00016286644951140066 0.1728013029315961 0.00016286644951140066 
0.0005181347150259067 0.9746113989637305 0.0005181347150259067 0.0005181347150259067 0.0005181347150259067 0.0005181347150259067 0.0005181347150259067 0.0005181347150259067 0.021243523316062173 0.0005181347150259067 
0.13680555555555557 0.0002314814814814815 0.0025462962962962965 0.44699074074074074 0.06041666666666667 0.09282407407407407 0.021064814814814814 0.0650462962962963 0.025694444444444443 0.1483796296296296 
0.0013157894736842105 0.5671052631578948 0.0013157894736842105 0.0013157894736842105 0.0013157894736842105 0.30394736842105263 0.0013157894736842105 0.0013157894736842105 0.11973684210526316 0.0013157894736842105 
0.002702702702702703 0.002702702702702703 0.05675675675675676 0.002702702702702703 0.002702702702702703 0.19189189189189187 0.002702702702702703 0.02972972972972973 0.7054054054054054 0.002702702702702703 
0.00026954177897574127 0.00026954177897574127 0.00026954177897574127 0.00026954177897574127 0.040700808625336926 0.02452830188679245 0.48274932614555255 0.00026954177897574127 0.4504043126684636 0.00026954177897574127 
0.24208333333333334 0.0004166666666666667 0.5545833333333333 0.0004166666666666667 0.0004166666666666667 0.0004166666666666667 0.0004166666666666667 0.03791666666666667 0.0004166666666666667 0.16291666666666668 
0.7377358490566038 0.1339622641509434 0.0018867924528301887 0.020754716981132078 0.0018867924528301887 0.0018867924528301887 0.0018867924528301887 0.0018867924528301887 0.09622641509433962 0.0018867924528301887 
0.001075268817204301 0.001075268817204301 0.001075268817204301 0.2591397849462366 0.001075268817204301 0.22688172043010754 0.001075268817204301 0.4956989247311828 0.011827956989247313 0.001075268817204301 
0.00015600624024960998 0.6538221528861154 0.00015600624024960998 0.00015600624024960998 0.00015600624024960998 0.10780031201248048 0.00015600624024960998 0.020436817472698907 0.1343213728549142 0.0828393135725429 
0.00015797788309636652 0.1249605055292259 0.00015797788309636652 0.7552922590837283 0.00015797788309636652 0.0017377567140600318 0.060189573459715644 0.004897314375987362 0.052290679304897315 0.00015797788309636652 
0.012643678160919542 0.0011494252873563218 0.0011494252873563218 0.047126436781609195 0.0011494252873563218 0.932183908045977 0.0011494252873563218 0.0011494252873563218 0.0011494252873563218 0.0011494252873563218 
0.027631578947368424 0.7776315789473685 0.0013157894736842105 0.06710526315789474 0.11973684210526316 0.0013157894736842105 0.0013157894736842105 0.0013157894736842105 0.0013157894736842105 0.0013157894736842105 
0.4987220447284345 0.0003194888178913738 0.0450479233226837 0.0003194888178913738 0.003514376996805112 0.0003194888178913738 0.009904153354632588 0.24952076677316293 0.0610223642172524 0.13130990415335464 
0.010801393728222997 0.15714285714285714 0.0003484320557491289 0.143205574912892 0.014285714285714285 0.0003484320557491289 0.0003484320557491289 0.6240418118466898 0.0003484320557491289 0.049128919860627174 
0.0016129032258064516 0.29193548387096774 0.0016129032258064516 0.0016129032258064516 0.017741935483870968 0.6790322580645162 0.0016129032258064516 0.0016129032258064516 0.0016129032258064516 0.0016129032258064516 
0.03695652173913043 0.0007246376811594203 0.0007246376811594203 0.08768115942028985 0.0007246376811594203 0.0007246376811594203 0.8630434782608696 0.0007246376811594203 0.007971014492753625 0.0007246376811594203 
0.02391304347826087 0.002173913043478261 0.0891304347826087 0.523913043478261 0.02391304347826087 0.1108695652173913 0.002173913043478261 0.1326086956521739 0.002173913043478261 0.0891304347826087 
0.0038461538461538464 0.0038461538461538464 0.04230769230769231 0.04230769230769231 0.08076923076923077 0.23461538461538461 0.5807692307692307 0.0038461538461538464 0.0038461538461538464 0.0038461538461538464 
0.0022222222222222222 0.0022222222222222222 0.024444444444444446 0.0022222222222222222 0.8688888888888889 0.0022222222222222222 0.0911111111111111 0.0022222222222222222 0.0022222222222222222 0.0022222222222222222 
0.0002617801047120419 0.0002617801047120419 0.9976439790575917 0.0002617801047120419 0.0002617801047120419 0.0002617801047120419 0.0002617801047120419 0.0002617801047120419 0.0002617801047120419 0.0002617801047120419 
0.0014285714285714286 0.8157142857142857 0.0014285714285714286 0.0014285714285714286 0.17285714285714285 0.0014285714285714286 0.0014285714285714286 0.0014285714285714286 0.0014285714285714286 0.0014285714285714286 
0.00035211267605633805 0.26443661971830984 0.00035211267605633805 0.024999999999999998 0.00035211267605633805 0.2573943661971831 0.303169014084507 0.00035211267605633805 0.1165492957746479 0.03204225352112676 
0.4468926553672316 0.0005649717514124294 0.0005649717514124294 0.0062146892655367235 0.0005649717514124294 0.4864406779661017 0.05706214689265537 0.0005649717514124294 0.0005649717514124294 0.0005649717514124294 
9.970089730807578e-05 0.45872382851445664 0.016051844466600202 0.003090727816550349 0.0010967098703888337 9.970089730807578e-05 0.16360917248255233 0.03698903290129611 0.13569292123629112 0.18454636091724824 
0.00033557046979865775 0.10771812080536913 0.00033557046979865775 0.07416107382550335 0.00033557046979865775 0.3157718120805369 0.00033557046979865775 0.4231543624161074 0.00033557046979865775 0.07751677852348994 
0.5426229508196722 0.018032786885245903 0.001639344262295082 0.001639344262295082 0.001639344262295082 0.001639344262295082 0.001639344262295082 0.4278688524590164 0.001639344262295082 0.001639344262295082 
0.042535211267605635 0.00028169014084507044 0.25098591549295773 0.00028169014084507044 0.00028169014084507044 0.00028169014084507044 0.06507042253521127 0.2284507042253521 0.18338028169014084 0.2284507042253521 
0.18380281690140846 0.13450704225352114 0.03591549295774648 0.14859154929577464 0.0007042253521126761 0.0007042253521126761 0.40211267605633805 0.09225352112676057 0.0007042253521126761 0.0007042253521126761 
0.0008849557522123895 0.0008849557522123895 0.0008849557522123895 0.0008849557522123895 0.0008849557522123895 0.08938053097345132 0.8415929203539823 0.0008849557522123895 0.06283185840707964 0.0008849557522123895 
0.12400990099009901 0.049752475247524755 0.00024752475247524753 0.00024752475247524753 0.619059405940594 0.00024752475247524753 0.10173267326732674 0.00024752475247524753 0.002722772277227723 0.10173267326732674 
0.0011494252873563218 0.0011494252873563218 0.0011494252873563218 0.08160919540229884 0.0011494252873563218 0.403448275862069 0.0011494252873563218 0.0011494252873563218 0.48390804597701154 0.02413793103448276 
0.8562982005141389 0.002827763496143959 0.03367609254498714 0.00025706940874035993 0.00025706940874035993 0.00025706940874035993 0.018251928020565553 0.03624678663239075 0.00025706940874035993 0.05167095115681234 
0.34209183673469384 0.00025510204081632655 0.6099489795918367 0.04107142857142858 0.00025510204081632655 0.00025510204081632655 0.00025510204081632655 0.00025510204081632655 0.00025510204081632655 0.005357142857142857 
0.0002364066193853428 0.41631205673758864 0.002600472813238771 0.0002364066193853428 0.0002364066193853428 0.1397163120567376 0.002600472813238771 0.01205673758865248 0.42576832151300237 0.0002364066193853428 
0.0005649717514124294 0.0005649717514124294 0.0005649717514124294 0.4977401129943502 0.0005649717514124294 0.0005649717514124294 0.09096045197740114 0.20395480225988702 0.20395480225988702 0.0005649717514124294 
0.0015384615384615385 0.0015384615384615385 0.0015384615384615385 0.0015384615384615385 0.30923076923076925 0.6784615384615384 0.0015384615384615385 0.0015384615384615385 0.0015384615384615385 0.0015384615384615385 
0.029515418502202646 0.48913362701908963 0.00014684287812041116 0.00014684287812041116 0.050073421439060205 0.02511013215859031 0.014831130690161527 0.12790014684287812 0.02657856093979442 0.23656387665198236 
0.13067226890756303 0.48361344537815126 0.0004201680672268908 0.05084033613445378 0.013025210084033614 0.07184873949579833 0.0004201680672268908 0.01722689075630252 0.2273109243697479 0.004621848739495798 
0.003448275862068966 0.10689655172413794 0.003448275862068966 0.10689655172413794 0.03793103448275863 0.7275862068965517 0.003448275862068966 0.003448275862068966 0.003448275862068966 0.003448275862068966 
0.4762135922330097 0.00048543689320388353 0.00048543689320388353 0.06359223300970873 0.005339805825242719 0.10242718446601942 0.06844660194174756 0.18009708737864077 0.00048543689320388353 0.10242718446601942 
0.00040160642570281126 0.08072289156626507 0.00040160642570281126 0.16506024096385544 0.00040160642570281126 0.7192771084337349 0.00040160642570281126 0.03253012048192771 0.00040160642570281126 0.00040160642570281126 
0.0003205128205128205 0.03878205128205128 0.0003205128205128205 0.06121794871794872 0.0003205128205128205 0.0003205128205128205 0.45224358974358975 0.0003205128205128205 0.4458333333333333 0.0003205128205128205 
0.3394366197183099 0.0014084507042253522 0.0014084507042253522 0.0014084507042253522 0.2690140845070423 0.38169014084507047 0.0014084507042253522 0.0014084507042253522 0.0014084507042253522 0.0014084507042253522 
0.010851063829787233 0.00021276595744680854 0.015106382978723404 0.02148936170212766 0.00021276595744680854 0.5491489361702128 0.00021276595744680854 0.012978723404255318 0.1448936170212766 0.24489361702127657 
0.001388888888888889 0.6541666666666667 0.001388888888888889 0.18194444444444444 0.001388888888888889 0.14027777777777778 0.001388888888888889 0.001388888888888889 0.001388888888888889 0.015277777777777779 
0.002564102564102564 0.002564102564102564 0.002564102564102564 0.02820512820512821 0.002564102564102564 0.002564102564102564 0.9512820512820513 0.002564102564102564 0.002564102564102564 0.002564102564102564 
0.0013333333333333335 0.6413333333333333 0.0013333333333333335 0.0013333333333333335 0.0013333333333333335 0.24133333333333334 0.0013333333333333335 0.0013333333333333335 0.09466666666666666 0.014666666666666668 
0.0012987012987012987 0.0012987012987012987 0.14415584415584415 0.0012987012987012987 0.5337662337662338 0.0012987012987012987 0.11818181818181818 0.053246753246753244 0.0012987012987012987 0.14415584415584415 
0.004198473282442748 0.9011450381679389 0.01564885496183206 0.0003816793893129771 0.0003816793893129771 0.0003816793893129771 0.034732824427480914 0.004198473282442748 0.038549618320610685 0.0003816793893129771 
0.00044642857142857147 0.00044642857142857147 0.00044642857142857147 0.5316964285714285 0.00044642857142857147 0.00044642857142857147 0.00044642857142857147 0.0049107142857142865 0.4602678571428571 0.00044642857142857147 
0.0013513513513513514 0.2310810810810811 0.0013513513513513514 0.0013513513513513514 0.0013513513513513514 0.731081081081081 0.0013513513513513514 0.0013513513513513514 0.0013513513513513514 0.02837837837837838 
0.3260355029585799 0.000591715976331361 0.4680473372781065 0.0834319526627219 0.000591715976331361 0.000591715976331361 0.012426035502958581 0.07751479289940828 0.030177514792899405 0.000591715976331361 
0.8428571428571429 0.0015873015873015873 0.06507936507936507 0.0015873015873015873 0.0015873015873015873 0.049206349206349205 0.0015873015873015873 0.03333333333333333 0.0015873015873015873 0.0015873015873015873 
0.0004219409282700422 0.0004219409282700422 0.008860759493670886 0.05527426160337553 0.0004219409282700422 0.0004219409282700422 0.3632911392405063 0.0004219409282700422 0.570042194092827 0.0004219409282700422 
0.0013157894736842105 0.0013157894736842105 0.0013157894736842105 0.7118421052631579 0.0013157894736842105 0.0013157894736842105 0.027631578947368424 0.23815789473684212 0.014473684210526317 0.0013157894736842105 
0.003703703703703704 0.003703703703703704 0.003703703703703704 0.003703703703703704 0.003703703703703704 0.7074074074074075 0.26296296296296295 0.003703703703703704 0.003703703703703704 0.003703703703703704 
0.09664570230607966 0.00020964360587002098 0.48238993710691824 0.00649895178197065 0.00020964360587002098 0.00020964360587002098 0.00020964360587002098 0.11970649895178197 0.00020964360587002098 0.29371069182389936 
0.01875 0.22410714285714287 0.0008928571428571429 0.0008928571428571429 0.2955357142857143 0.0008928571428571429 0.0008928571428571429 0.26875 0.18839285714285717 0.0008928571428571429 
0.005210918114143921 0.00024813895781637717 0.007692307692307693 0.00024813895781637717 0.00024813895781637717 0.00024813895781637717 0.3054590570719603 0.12431761786600497 0.5213399503722084 0.03498759305210918 
0.0125 0.0011363636363636365 0.5920454545454545 0.0011363636363636365 0.16022727272727272 0.11477272727272726 0.05795454545454545 0.05795454545454545 0.0011363636363636365 0.0011363636363636365 
0.09808510638297872 0.00021276595744680854 0.008723404255319148 0.023617021276595745 0.6002127659574469 0.00021276595744680854 0.00021276595744680854 0.09170212765957447 0.002340425531914894 0.17468085106382977 
0.002564102564102564 0.002564102564102564 0.05384615384615385 0.002564102564102564 0.002564102564102564 0.002564102564102564 0.9256410256410257 0.002564102564102564 0.002564102564102564 0.002564102564102564 
0.0007575757575757576 0.0007575757575757576 0.9704545454545455 0.0007575757575757576 0.0007575757575757576 0.0007575757575757576 0.023484848484848487 0.0007575757575757576 0.0007575757575757576 0.0007575757575757576 
0.0011111111111111111 0.0011111111111111111 0.0011111111111111111 0.7122222222222222 0.07888888888888888 0.1788888888888889 0.0011111111111111111 0.0011111111111111111 0.023333333333333334 0.0011111111111111111 
0.3254385964912281 0.0008771929824561404 0.6675438596491228 0.0008771929824561404 0.0008771929824561404 0.0008771929824561404 0.0008771929824561404 0.0008771929824561404 0.0008771929824561404 0.0008771929824561404 
0.00046728971962616824 0.00046728971962616824 0.944392523364486 0.00046728971962616824 0.00046728971962616824 0.00046728971962616824 0.00046728971962616824 0.00046728971962616824 0.05186915887850467 0.00046728971962616824 
0.0015151515151515152 0.7893939393939394 0.0015151515151515152 0.0015151515151515152 0.0015151515151515152 0.07727272727272727 0.0015151515151515152 0.0015151515151515152 0.0015151515151515152 0.12272727272727273 
0.002325581395348837 0.5372093023255814 0.002325581395348837 0.002325581395348837 0.2813953488372093 0.002325581395348837 0.002325581395348837 0.16511627906976745 0.002325581395348837 0.002325581395348837 
0.14851851851851852 0.0003703703703703704 0.7522222222222222 0.0003703703703703704 0.0003703703703703704 0.0003703703703703704 0.0003703703703703704 0.0003703703703703704 0.0003703703703703704 0.09666666666666668 
0.00039370078740157485 0.00039370078740157485 0.00039370078740157485 0.18149606299212598 0.00039370078740157485 0.30354330708661414 0.00039370078740157485 0.4098425196850394 0.10275590551181103 0.00039370078740157485 
0.0002747252747252747 0.9810439560439561 0.0002747252747252747 0.0002747252747252747 0.003021978021978022 0.0002747252747252747 0.0002747252747252747 0.0002747252747252747 0.01401098901098901 0.0002747252747252747 
0.42147540983606563 0.0001639344262295082 0.22147540983606556 0.0034426229508196723 0.01 0.0001639344262295082 0.062459016393442625 0.011639344262295081 0.0001639344262295082 0.26901639344262296 
0.48366445916114786 0.0002207505518763797 0.30706401766004415 0.0002207505518763797 0.0002207505518763797 0.03995584988962473 0.011258278145695364 0.0002207505518763797 0.0002207505518763797 0.15695364238410595 
9.596928982725528e-05 9.596928982725528e-05 9.596928982725528e-05 0.1977927063339731 9.596928982725528e-05 0.04712092130518234 0.05479846449136277 0.08262955854126679 0.4626679462571977 0.15460652591170826 
0.044463373083475304 0.012095400340715502 0.7684838160136287 0.00017035775127768315 0.00017035775127768315 0.00017035775127768315 0.0018739352640545145 0.00017035775127768315 0.013798977853492333 0.158603066439523 
0.021328671328671327 0.0493006993006993 0.8325174825174825 0.031818181818181815 0.045804195804195806 0.00034965034965034965 0.00034965034965034965 0.00034965034965034965 0.00034965034965034965 0.01783216783216783 
9.416195856873823e-05 0.6639359698681733 9.416195856873823e-05 0.14322033898305084 9.416195856873823e-05 9.416195856873823e-05 9.416195856873823e-05 0.09519774011299434 0.011393596986817325 0.08578154425612053 
0.15202020202020203 0.25303030303030305 0.000505050505050505 0.06111111111111111 0.08131313131313132 0.051010101010101006 0.14696969696969697 0.000505050505050505 0.000505050505050505 0.25303030303030305 
0.0003703703703703704 0.0003703703703703704 0.0003703703703703704 0.5707407407407408 0.35962962962962963 0.0003703703703703704 0.0003703703703703704 0.05962962962962964 0.0003703703703703704 0.007777777777777778 
0.00024752475247524753 0.8344059405940595 0.00024752475247524753 0.00024752475247524753 0.002722772277227723 0.00024752475247524753 0.007673267326732673 0.00024752475247524753 0.1537128712871287 0.00024752475247524753 
0.0014492753623188406 0.0014492753623188406 0.01594202898550725 0.0014492753623188406 0.4797101449275363 0.0014492753623188406 0.18985507246376812 0.0014492753623188406 0.0014492753623188406 0.3057971014492754 
0.07025316455696203 0.013291139240506329 0.006962025316455697 0.1018987341772152 0.006962025316455697 0.0006329113924050633 0.0006329113924050633 0.019620253164556962 0.7791139240506328 0.0006329113924050633 
0.394017094017094 0.0008547008547008547 0.0008547008547008547 0.0008547008547008547 0.009401709401709403 0.11196581196581196 0.2658119658119658 0.009401709401709403 0.1547008547008547 0.05213675213675213 
0.07023255813953488 0.00046511627906976747 0.9213953488372093 0.00046511627906976747 0.00046511627906976747 0.00046511627906976747 0.00046511627906976747 0.00046511627906976747 0.00046511627906976747 0.005116279069767442 
0.0011111111111111111 0.2566666666666667 0.0011111111111111111 0.5788888888888889 0.0011111111111111111 0.0011111111111111111 0.15666666666666668 0.0011111111111111111 0.0011111111111111111 0.0011111111111111111 
0.4389705882352941 0.00024509803921568627 0.14730392156862746 0.00024509803921568627 0.00024509803921568627 0.00024509803921568627 0.00024509803921568627 0.0982843137254902 0.039460784313725496 0.2747549019607843 
0.0024390243902439024 0.0024390243902439024 0.0024390243902439024 0.14878048780487804 0.8073170731707318 0.0024390243902439024 0.0024390243902439024 0.0024390243902439024 0.02682926829268293 0.0024390243902439024 
0.09526315789473686 0.0005263157894736842 0.0005263157894736842 0.2636842105263158 0.5110526315789473 0.01631578947368421 0.005789473684210527 0.0005263157894736842 0.01105263157894737 0.09526315789473686 
0.16897590361445783 0.00030120481927710846 0.00030120481927710846 0.2683734939759036 0.03042168674698795 0.00030120481927710846 0.08162650602409639 0.015361445783132529 0.18403614457831327 0.2503012048192771 
0.00011049723756906077 0.00011049723756906077 0.00011049723756906077 0.10618784530386739 0.00011049723756906077 0.007845303867403314 0.08077348066298341 0.08629834254143645 0.5846408839779006 0.13381215469613258 
0.0033434650455927053 0.00030395136778115504 0.05197568389057751 0.3072948328267477 0.006382978723404256 0.00030395136778115504 0.00030395136778115504 0.00030395136778115504 0.6203647416413374 0.009422492401215806 
0.0002994011976047904 0.0002994011976047904 0.02125748502994012 0.5122754491017963 0.0002994011976047904 0.05119760479041917 0.3266467065868263 0.0691616766467066 0.0002994011976047904 0.018263473053892216 
0.00789980732177264 0.0001926782273603083 0.0001926782273603083 0.09845857418111753 0.004046242774566475 0.0001926782273603083 0.0001926782273603083 0.011753371868978804 0.7612716763005781 0.11579961464354528 
0.0007518796992481203 0.0007518796992481203 0.015789473684210527 0.28646616541353387 0.07593984962406015 0.5796992481203007 0.038345864661654135 0.0007518796992481203 0.0007518796992481203 0.0007518796992481203 
0.002325581395348837 0.002325581395348837 0.002325581395348837 0.1883720930232558 0.4674418604651163 0.04883720930232558 0.002325581395348837 0.025581395348837212 0.002325581395348837 0.25813953488372093 
0.0015625 0.0015625 0.0015625 0.2671875 0.0015625 0.5484375 0.1734375 0.0015625 0.0015625 0.0015625 
0.012359550561797755 0.02359550561797753 0.05730337078651685 0.5629213483146067 0.05730337078651685 0.10224719101123596 0.0011235955056179776 0.0011235955056179776 0.05730337078651685 0.12471910112359551 
0.0008547008547008547 0.0008547008547008547 0.0008547008547008547 0.4623931623931624 0.0008547008547008547 0.5307692307692308 0.0008547008547008547 0.0008547008547008547 0.0008547008547008547 0.0008547008547008547 
0.0029810298102981034 0.013821138211382113 0.00027100271002710027 0.05176151761517615 0.00027100271002710027 0.00027100271002710027 0.06260162601626017 0.00027100271002710027 0.84579945799458 0.02195121951219512 
0.0011235955056179776 0.0011235955056179776 0.0011235955056179776 0.19213483146067417 0.12471910112359551 0.37191011235955057 0.0011235955056179776 0.0011235955056179776 0.3044943820224719 0.0011235955056179776 
0.0005319148936170213 0.0005319148936170213 0.0005319148936170213 0.6281914893617021 0.0005319148936170213 0.149468085106383 0.0005319148936170213 0.0005319148936170213 0.0005319148936170213 0.21861702127659574 
0.441 0.001 0.001 0.221 0.001 0.331 0.001 0.001 0.001 0.001 
0.00045248868778280545 0.00045248868778280545 0.9506787330316742 0.00045248868778280545 0.00045248868778280545 0.00045248868778280545 0.00045248868778280545 0.041176470588235294 0.00497737556561086 0.00045248868778280545 
0.00125 0.00125 0.00125 0.00125 0.00125 0.18875 0.70125 0.00125 0.03875 0.06375 
0.0011764705882352942 0.0011764705882352942 0.0011764705882352942 0.5305882352941177 0.0011764705882352942 0.024705882352941178 0.41294117647058826 0.024705882352941178 0.0011764705882352942 0.0011764705882352942 
0.2585714285714286 0.21571428571428572 0.0014285714285714286 0.15857142857142856 0.0014285714285714286 0.3442857142857143 0.0014285714285714286 0.0014285714285714286 0.015714285714285715 0.0014285714285714286 
0.04655172413793103 0.0005747126436781609 0.0005747126436781609 0.24770114942528737 0.04655172413793103 0.0005747126436781609 0.0005747126436781609 0.6097701149425288 0.0005747126436781609 0.04655172413793103 
0.2736363636363636 0.03727272727272727 0.0009090909090909091 0.0009090909090909091 0.20090909090909093 0.0009090909090909091 0.0009090909090909091 0.028181818181818183 0.45545454545454545 0.0009090909090909091 
0.00016977928692699492 0.01035653650254669 0.9645161290322581 0.0018675721561969441 0.00016977928692699492 0.00016977928692699492 0.00016977928692699492 0.00016977928692699492 0.022241086587436332 0.00016977928692699492 
0.0016666666666666668 0.185 0.0016666666666666668 0.20166666666666666 0.0016666666666666668 0.6016666666666667 0.0016666666666666668 0.0016666666666666668 0.0016666666666666668 0.0016666666666666668 
0.00023752969121140142 0.026365795724465558 0.00023752969121140142 0.002612826603325416 0.6748218527315915 0.00023752969121140142 0.00023752969121140142 0.1285035629453682 0.00023752969121140142 0.16650831353919238 
0.0001953125 0.0763671875 0.0001953125 0.0978515625 0.0001953125 0.5275390625 0.0958984375 0.0001953125 0.1447265625 0.0568359375 
0.0002314814814814815 0.7409722222222223 0.0025462962962962965 0.0002314814814814815 0.0002314814814814815 0.004861111111111111 0.0002314814814814815 0.03726851851851852 0.0002314814814814815 0.21319444444444444 
0.016176470588235296 0.0014705882352941176 0.9720588235294116 0.0014705882352941176 0.0014705882352941176 0.0014705882352941176 0.0014705882352941176 0.0014705882352941176 0.0014705882352941176 0.0014705882352941176 
0.18409090909090908 0.002272727272727273 0.002272727272727273 0.002272727272727273 0.002272727272727273 0.775 0.002272727272727273 0.002272727272727273 0.025 0.002272727272727273 
0.0013157894736842105 0.7513157894736843 0.0013157894736842105 0.014473684210526317 0.027631578947368424 0.15921052631578947 0.0013157894736842105 0.0013157894736842105 0.0013157894736842105 0.04078947368421053 
0.0004608294930875576 0.0004608294930875576 0.00967741935483871 0.0004608294930875576 0.014285714285714285 0.0004608294930875576 0.19400921658986175 0.060368663594470046 0.5626728110599079 0.15714285714285714 
0.022302158273381296 0.0007194244604316547 0.08705035971223021 0.4179856115107914 0.03669064748201439 0.0007194244604316547 0.0007194244604316547 0.0007194244604316547 0.43237410071942445 0.0007194244604316547 
0.10614035087719298 0.0008771929824561404 0.8780701754385964 0.009649122807017544 0.0008771929824561404 0.0008771929824561404 0.0008771929824561404 0.0008771929824561404 0.0008771929824561404 0.0008771929824561404 
0.0002538071065989848 0.7261421319796955 0.0002538071065989848 0.0002538071065989848 0.0002538071065989848 0.25406091370558376 0.018020304568527917 0.0002538071065989848 0.0002538071065989848 0.0002538071065989848 
0.0004901960784313725 0.005392156862745099 0.0004901960784313725 0.2946078431372549 0.6965686274509804 0.0004901960784313725 0.0004901960784313725 0.0004901960784313725 0.0004901960784313725 0.0004901960784313725 
7.751937984496124e-05 7.751937984496124e-05 7.751937984496124e-05 0.14271317829457364 7.751937984496124e-05 0.04038759689922481 0.3132558139534884 7.751937984496124e-05 0.44813953488372094 0.05511627906976744 
0.00125 0.00125 0.026250000000000002 0.00125 0.87625 0.026250000000000002 0.00125 0.026250000000000002 0.00125 0.03875 
0.06271186440677966 0.023598435462842245 0.0001303780964797914 0.049674054758800525 0.0288135593220339 0.07835723598435464 0.0001303780964797914 0.08096479791395046 0.4134289439374185 0.2621903520208605 
0.0003289473684210526 0.0003289473684210526 0.9970394736842106 0.0003289473684210526 0.0003289473684210526 0.0003289473684210526 0.0003289473684210526 0.0003289473684210526 0.0003289473684210526 0.0003289473684210526 
0.00047393364928909954 0.00047393364928909954 0.9957345971563981 0.00047393364928909954 0.00047393364928909954 0.00047393364928909954 0.00047393364928909954 0.00047393364928909954 0.00047393364928909954 0.00047393364928909954 
0.09204545454545454 0.27386363636363636 0.0011363636363636365 0.0011363636363636365 0.08068181818181817 0.2852272727272727 0.16022727272727272 0.10340909090909091 0.0011363636363636365 0.0011363636363636365 
0.00078125 0.00078125 0.00859375 0.41484375 0.03203125 0.19609375 0.03203125 0.00078125 0.29765625 0.01640625 
0.0010869565217391304 0.0010869565217391304 0.0010869565217391304 0.0010869565217391304 0.0010869565217391304 0.0010869565217391304 0.9902173913043477 0.0010869565217391304 0.0010869565217391304 0.0010869565217391304 
0.00013736263736263736 0.009752747252747253 0.023489010989010992 0.34354395604395604 0.04684065934065934 0.04271978021978022 0.13887362637362635 0.2776098901098901 0.008379120879120879 0.10865384615384614 
0.0015151515151515152 0.0015151515151515152 0.9863636363636363 0.0015151515151515152 0.0015151515151515152 0.0015151515151515152 0.0015151515151515152 0.0015151515151515152 0.0015151515151515152 0.0015151515151515152 
0.002791878172588833 0.0002538071065989848 0.9875634517766498 0.002791878172588833 0.0002538071065989848 0.005329949238578681 0.0002538071065989848 0.0002538071065989848 0.0002538071065989848 0.0002538071065989848 
0.00026525198938992045 0.00026525198938992045 0.45649867374005304 0.00026525198938992045 0.00026525198938992045 0.00026525198938992045 0.09045092838196286 0.33183023872679046 0.00026525198938992045 0.11962864721485411 
0.00026737967914438503 0.053743315508021396 0.00026737967914438503 0.00026737967914438503 0.00026737967914438503 0.00026737967914438503 0.00026737967914438503 0.029679144385026737 0.8799465240641712 0.03502673796791444 
0.00015479876160990713 0.0032507739938080495 0.00015479876160990713 0.00015479876160990713 0.00015479876160990713 0.00015479876160990713 0.7679566563467493 0.00015479876160990713 0.21842105263157893 0.009442724458204333 
0.19719101123595506 0.006179775280898877 0.2646067415730337 0.0005617977528089888 0.0005617977528089888 0.0005617977528089888 0.1803370786516854 0.006179775280898877 0.2758426966292135 0.06797752808988763 
0.0012048192771084338 0.0012048192771084338 0.0012048192771084338 0.14578313253012049 0.0012048192771084338 0.5072289156626506 0.3385542168674699 0.0012048192771084338 0.0012048192771084338 0.0012048192771084338 
0.0779578606158833 0.12009724473257698 0.23030794165316046 0.066612641815235 0.0001620745542949757 0.0001620745542949757 0.039059967585089145 0.12495948136142625 0.009886547811993517 0.3307941653160454 
0.043750000000000004 0.08541666666666665 0.0020833333333333333 0.0020833333333333333 0.12708333333333333 0.2520833333333333 0.41875 0.043750000000000004 0.02291666666666667 0.0020833333333333333 
0.030434782608695653 0.0014492753623188406 0.08840579710144927 0.6246376811594203 0.0014492753623188406 0.24782608695652175 0.0014492753623188406 0.0014492753623188406 0.0014492753623188406 0.0014492753623188406 
0.15057471264367817 0.0011494252873563218 0.0011494252873563218 0.012643678160919542 0.0011494252873563218 0.5183908045977011 0.31149425287356325 0.0011494252873563218 0.0011494252873563218 0.0011494252873563218 
0.00031347962382445143 0.00031347962382445143 0.00031347962382445143 0.19780564263322883 0.00031347962382445143 0.45172413793103444 0.3482758620689655 0.00031347962382445143 0.00031347962382445143 0.00031347962382445143 
0.0004166666666666667 0.0004166666666666667 0.0004166666666666667 0.0004166666666666667 0.0004166666666666667 0.0004166666666666667 0.9795833333333334 0.0004166666666666667 0.0004166666666666667 0.017083333333333332 
0.049999999999999996 0.007746478873239438 0.0007042253521126761 0.0007042253521126761 0.5711267605633802 0.014788732394366198 0.028873239436619715 0.05704225352112676 0.007746478873239438 0.2612676056338028 
0.6259562841530054 0.000273224043715847 0.003005464480874317 0.000273224043715847 0.04125683060109289 0.000273224043715847 0.000273224043715847 0.022131147540983605 0.003005464480874317 0.303551912568306 
0.050191570881226055 0.0003831417624521073 0.48314176245210727 0.0003831417624521073 0.0003831417624521073 0.015708812260536397 0.04252873563218391 0.12298850574712644 0.1 0.1842911877394636 
0.004166666666666667 0.004166666666666667 0.004166666666666667 0.29583333333333334 0.004166666666666667 0.29583333333333334 0.37916666666666665 0.004166666666666667 0.004166666666666667 0.004166666666666667 
0.12023498694516971 0.00013054830287206266 0.0014360313315926894 0.00013054830287206266 0.678981723237598 0.00013054830287206266 0.00013054830287206266 0.00013054830287206266 0.00013054830287206266 0.1985639686684073 
0.00045871559633027525 0.00045871559633027525 0.00045871559633027525 0.08761467889908257 0.00045871559633027525 0.3032110091743119 0.32614678899082566 0.00045871559633027525 0.19311926605504587 0.08761467889908257 
0.018584070796460177 0.0008849557522123895 0.0008849557522123895 0.0008849557522123895 0.018584070796460177 0.0008849557522123895 0.9566371681415928 0.0008849557522123895 0.0008849557522123895 0.0008849557522123895 
0.024603174603174603 0.0007936507936507937 0.0007936507936507937 0.5087301587301587 0.0007936507936507937 0.016666666666666666 0.3658730158730159 0.08015873015873015 0.0007936507936507937 0.0007936507936507937 
0.0005681818181818183 0.0005681818181818183 0.0005681818181818183 0.19375 0.0005681818181818183 0.5289772727272727 0.017613636363636363 0.0005681818181818183 0.21647727272727274 0.04034090909090909 
0.15325779036827195 0.00028328611898017 0.6631728045325779 0.00028328611898017 0.00028328611898017 0.03427762039660057 0.00028328611898017 0.04560906515580737 0.05127478753541077 0.05127478753541077 
0.07790055248618784 0.006077348066298343 0.0005524861878453039 0.2878453038674033 0.05580110497237569 0.530939226519337 0.028176795580110495 0.0005524861878453039 0.011602209944751382 0.0005524861878453039 
0.003448275862068966 0.003448275862068966 0.003448275862068966 0.6586206896551725 0.003448275862068966 0.003448275862068966 0.07241379310344828 0.21034482758620687 0.03793103448275863 0.003448275862068966 
0.0015873015873015873 0.0015873015873015873 0.0015873015873015873 0.0015873015873015873 0.0015873015873015873 0.3031746031746032 0.4936507936507937 0.0015873015873015873 0.19206349206349205 0.0015873015873015873 
0.9 0.0014492753623188406 0.030434782608695653 0.0014492753623188406 0.05942028985507246 0.0014492753623188406 0.0014492753623188406 0.0014492753623188406 0.0014492753623188406 0.0014492753623188406 
0.015576694411414982 0.002497027348394768 0.025089179548156957 0.0084423305588585 0.021521997621878716 0.010820451843043994 0.06313912009512486 0.0084423305588585 0.059571938168846615 0.7848989298454221 
0.002325581395348837 0.23488372093023255 0.6069767441860465 0.002325581395348837 0.002325581395348837 0.14186046511627906 0.002325581395348837 0.002325581395348837 0.002325581395348837 0.002325581395348837 
0.0011111111111111111 0.6122222222222222 0.0011111111111111111 0.0011111111111111111 0.0011111111111111111 0.0011111111111111111 0.3677777777777778 0.0011111111111111111 0.0011111111111111111 0.012222222222222223 
0.0038461538461538464 0.0038461538461538464 0.04230769230769231 0.31153846153846154 0.0038461538461538464 0.5807692307692307 0.04230769230769231 0.0038461538461538464 0.0038461538461538464 0.0038461538461538464 
0.24736842105263157 0.33508771929824566 0.0017543859649122807 0.01929824561403509 0.19473684210526315 0.0017543859649122807 0.19473684210526315 0.0017543859649122807 0.0017543859649122807 0.0017543859649122807 
0.8589285714285715 0.0017857142857142859 0.0017857142857142859 0.12678571428571428 0.0017857142857142859 0.0017857142857142859 0.0017857142857142859 0.0017857142857142859 0.0017857142857142859 0.0017857142857142859 
0.00027624309392265195 0.21574585635359114 0.00027624309392265195 0.00027624309392265195 0.0030386740331491717 0.01685082872928177 0.7627071823204421 0.00027624309392265195 0.00027624309392265195 0.00027624309392265195 
0.00856453558504222 0.00012062726176115803 0.00012062726176115803 0.351145958986731 0.0025331724969843185 0.00012062726176115803 0.1991556091676719 0.26308805790108564 0.00012062726176115803 0.1750301568154403 
0.45374149659863944 0.00022675736961451248 0.00022675736961451248 0.00022675736961451248 0.00022675736961451248 0.00022675736961451248 0.00022675736961451248 0.18843537414965986 0.06825396825396826 0.28820861678004533 
0.015803108808290153 0.00025906735751295336 0.9691709844559586 0.00025906735751295336 0.00025906735751295336 0.00025906735751295336 0.01321243523316062 0.00025906735751295336 0.00025906735751295336 0.00025906735751295336 
0.0020833333333333333 0.0020833333333333333 0.0020833333333333333 0.0020833333333333333 0.0020833333333333333 0.0020833333333333333 0.9812500000000001 0.0020833333333333333 0.0020833333333333333 0.0020833333333333333 
0.0017543859649122807 0.01929824561403509 0.9140350877192983 0.01929824561403509 0.0017543859649122807 0.01929824561403509 0.0017543859649122807 0.0017543859649122807 0.0017543859649122807 0.01929824561403509 
0.000641025641025641 0.000641025641025641 0.007051282051282052 0.013461538461538462 0.019871794871794874 0.000641025641025641 0.9237179487179487 0.007051282051282052 0.000641025641025641 0.02628205128205128 
